#Account_Schedule,CurrYr_JAN,CurrYr_FEB,CurrYr_MAR,CurrYr_APR,CurrYr_MAY,CurrYr_JUN,CurrYr_JUL,CurrYr_AUG,CurrYr_SEP,CurrYr_OCT,CurrYr_NOV,CurrYr_DEC,Yr1_JAN,Yr1_FEB,Yr1_MAR,Yr1_APR,Yr1_MAY,Yr1_JUN,Yr1_JUL,Yr1_AUG,Yr1_SEP,Yr1_OCT,Yr1_NOV,Yr1_DEC,Yr2_JAN,Yr2_FEB,Yr2_MAR,Yr2_APR,Yr2_MAY,Yr2_JUN,Yr2_JUL,Yr2_AUG,Yr2_SEP,Yr2_OCT,Yr2_NOV,Yr2_DEC,Yr3_JAN,Yr3_FEB,Yr3_MAR,Yr3_APR,Yr3_MAY,Yr3_JUN,Yr3_JUL,Yr3_AUG,Yr3_SEP,Yr3_OCT,Yr3_NOV,Yr3_DEC,Yr4_JAN,Yr4_FEB,Yr4_MAR,Yr4_APR,Yr4_MAY,Yr4_JUN,Yr4_JUL,Yr4_AUG,Yr4_SEP,Yr4_OCT,Yr4_NOV,Yr4_DEC,Yr5_JAN,Yr5_FEB,Yr5_MAR,Yr5_APR,Yr5_MAY,Yr5_JUN,Yr5_JUL,Yr5_AUG,Yr5_SEP,Yr5_OCT,Yr5_NOV,Yr5_DEC,Yr6_JAN,Yr6_FEB,Yr6_MAR,Yr6_APR,Yr6_MAY,Yr6_JUN,Yr6_JUL,Yr6_AUG,Yr6_SEP,Yr6_OCT,Yr6_NOV,Yr6_DEC,DATE_ORIG_BOOKED
8405362002,0.00,353.44,353.44,353.44,353.44,353.44,353.44,353.44,353.44,353.44,353.44,353.44,353.44,353.44,353.44,353.44,353.44,353.44,353.44,353.44,353.44,353.44,353.44,353.44,353.44,353.44,353.44,353.44,353.44,353.44,353.44,353.44,353.44,353.44,353.44,353.44,353.44,353.44,353.44,353.44,353.44,353.44,353.44,353.44,353.44,353.44,353.44,353.44,353.44,353.44,353.44,353.44,353.44,353.44,353.44,353.44,353.44,353.44,353.44,353.44,353.44,353.44,353.44,353.44,353.44,353.44,353.44,353.44,353.44,353.44,353.44,353.44,353.44,0.00,0.00,0.00,0.00,0.00,0.00,0.00,0.00,0.00,0.00,0.00,01/13/2011 00:00:00
8487952001,0.00,361.50,361.50,361.50,361.50,361.50,361.50,361.50,361.50,361.50,361.50,361.50,361.50,361.50,361.50,361.50,361.50,361.50,361.50,361.50,361.50,361.50,361.50,361.50,361.50,361.50,361.50,361.50,361.50,361.50,361.50,361.50,361.50,361.50,361.50,361.50,361.50,361.50,361.50,361.50,361.50,361.50,361.50,0.00,0.00,0.00,0.00,0.00,0.00,0.00,0.00,0.00,0.00,0.00,0.00,0.00,0.00,0.00,0.00,0.00,0.00,0.00,0.00,0.00,0.00,0.00,0.00,0.00,0.00,0.00,0.00,0.00,0.00,0.00,0.00,0.00,0.00,0.00,0.00,0.00,0.00,0.00,0.00,0.00,01/14/2011 00:00:00
7163603003,0.00,399.74,399.74,399.74,399.74,399.74,399.74,399.74,399.74,399.74,399.74,399.74,399.74,399.74,399.74,399.74,399.74,399.74,399.74,399.74,399.74,399.74,399.74,399.74,399.74,399.74,399.74,399.74,399.74,399.74,399.74,399.74,399.74,399.74,399.74,399.74,399.74,399.74,399.74,399.74,399.74,399.74,399.74,399.74,399.74,399.74,399.74,399.74,399.74,399.74,399.74,399.74,399.74,399.74,399.74,399.74,399.74,399.74,399.74,399.74,399.74,0.00,0.00,0.00,0.00,0.00,0.00,0.00,0.00,0.00,0.00,0.00,0.00,0.00,0.00,0.00,0.00,0.00,0.00,0.00,0.00,0.00,0.00,0.00,01/12/2011 00:00:00
7610454074,0.00,249.79,249.79,249.79,249.79,249.79,249.79,249.79,249.79,249.79,249.79,249.79,249.79,249.79,249.79,249.79,249.79,249.79,249.79,249.79,249.79,249.79,249.79,249.79,249.79,249.79,249.79,249.79,249.79,249.79,249.79,249.79,249.79,249.79,249.79,249.79,249.79,0.00,0.00,0.00,0.00,0.00,0.00,0.00,0.00,0.00,0.00,0.00,0.00,0.00,0.00,0.00,0.00,0.00,0.00,0.00,0.00,0.00,0.00,0.00,0.00,0.00,0.00,0.00,0.00,0.00,0.00,0.00,0.00,0.00,0.00,0.00,0.00,0.00,0.00,0.00,0.00,0.00,0.00,0.00,0.00,0.00,0.00,0.00,01/12/2011 00:00:00
8487308001,0.00,582.89,582.89,582.89,582.89,582.89,582.89,582.89,582.89,582.89,582.89,582.89,582.89,582.89,582.89,582.89,582.89,582.89,582.89,582.89,582.89,582.89,582.89,582.89,582.89,582.89,582.89,582.89,582.89,582.89,582.89,582.89,582.89,582.89,582.89,582.89,582.89,582.89,582.89,582.89,582.89,582.89,582.89,582.89,582.89,582.89,582.89,582.89,582.89,0.00,0.00,0.00,0.00,0.00,0.00,0.00,0.00,0.00,0.00,0.00,0.00,0.00,0.00,0.00,0.00,0.00,0.00,0.00,0.00,0.00,0.00,0.00,0.00,0.00,0.00,0.00,0.00,0.00,0.00,0.00,0.00,0.00,0.00,0.00,01/12/2011 00:00:00
6944702003,0.00,149.36,149.36,149.36,149.36,149.36,149.36,149.36,149.36,149.36,149.36,149.36,149.36,149.36,149.36,149.36,149.36,149.36,149.36,149.36,149.36,149.36,149.36,149.36,149.36,149.36,149.36,149.36,149.36,149.36,149.36,149.36,149.36,149.36,149.36,149.36,149.36,149.36,149.36,149.36,149.36,149.36,149.36,149.36,149.36,149.36,149.36,149.36,149.36,149.36,149.36,149.36,149.36,149.36,149.36,149.36,149.36,149.36,149.36,149.36,149.36,149.36,149.36,149.36,0.00,0.00,0.00,0.00,0.00,0.00,0.00,0.00,0.00,0.00,0.00,0.00,0.00,0.00,0.00,0.00,0.00,0.00,0.00,0.00,01/13/2011 00:00:00
8477880001,0.00,1418.76,1418.76,1418.76,1418.76,1418.76,1418.76,1418.76,1418.76,1418.76,1418.76,1418.76,1418.76,1418.76,1418.76,1418.76,1418.76,1418.76,1418.76,1418.76,1418.76,1418.76,1418.76,1418.76,1418.76,1418.76,1418.76,1418.76,1418.76,1418.76,1418.76,1418.76,1418.76,1418.76,1418.76,1418.76,0.00,0.00,0.00,0.00,0.00,0.00,0.00,0.00,0.00,0.00,0.00,0.00,0.00,0.00,0.00,0.00,0.00,0.00,0.00,0.00,0.00,0.00,0.00,0.00,0.00,0.00,0.00,0.00,0.00,0.00,0.00,0.00,0.00,0.00,0.00,0.00,0.00,0.00,0.00,0.00,0.00,0.00,0.00,0.00,0.00,0.00,0.00,0.00,01/13/2011 00:00:00
5432888002,0.00,609.89,609.89,609.89,609.89,609.89,609.89,609.89,609.89,609.89,609.89,609.89,609.89,609.89,609.89,609.89,609.89,609.89,609.89,609.89,609.89,609.89,609.89,609.89,609.89,609.89,609.89,609.89,609.89,609.89,609.89,609.89,609.89,609.89,609.89,609.89,609.89,0.00,0.00,0.00,0.00,0.00,0.00,0.00,0.00,0.00,0.00,0.00,0.00,0.00,0.00,0.00,0.00,0.00,0.00,0.00,0.00,0.00,0.00,0.00,0.00,0.00,0.00,0.00,0.00,0.00,0.00,0.00,0.00,0.00,0.00,0.00,0.00,0.00,0.00,0.00,0.00,0.00,0.00,0.00,0.00,0.00,0.00,0.00,01/14/2011 00:00:00
8487887001,0.00,510.24,510.24,510.24,510.24,510.24,510.24,510.24,510.24,510.24,510.24,510.24,510.24,510.24,510.24,510.24,510.24,510.24,510.24,510.24,510.24,510.24,510.24,510.24,510.24,510.24,510.24,510.24,510.24,510.24,510.24,510.24,510.24,510.24,510.24,510.24,510.24,510.24,510.24,510.24,510.24,510.24,510.24,0.00,0.00,0.00,0.00,0.00,0.00,0.00,0.00,0.00,0.00,0.00,0.00,0.00,0.00,0.00,0.00,0.00,0.00,0.00,0.00,0.00,0.00,0.00,0.00,0.00,0.00,0.00,0.00,0.00,0.00,0.00,0.00,0.00,0.00,0.00,0.00,0.00,0.00,0.00,0.00,0.00,01/13/2011 00:00:00
7713207001,0.00,233.00,233.00,233.00,233.00,233.00,233.00,233.00,233.00,233.00,233.00,233.00,233.00,233.00,233.00,233.00,233.00,233.00,233.00,233.00,233.00,233.00,233.00,233.00,233.00,233.00,233.00,233.00,233.00,233.00,233.00,233.00,233.00,233.00,233.00,233.00,233.00,233.00,233.00,233.00,233.00,233.00,233.00,233.00,233.00,233.00,233.00,233.00,233.00,0.00,0.00,0.00,0.00,0.00,0.00,0.00,0.00,0.00,0.00,0.00,0.00,0.00,0.00,0.00,0.00,0.00,0.00,0.00,0.00,0.00,0.00,0.00,0.00,0.00,0.00,0.00,0.00,0.00,0.00,0.00,0.00,0.00,0.00,0.00,01/12/2011 00:00:00
7712636001,0.00,153.00,153.00,153.00,153.00,153.00,153.00,153.00,153.00,153.00,153.00,153.00,153.00,0.00,0.00,0.00,0.00,0.00,0.00,0.00,0.00,0.00,0.00,0.00,0.00,0.00,0.00,0.00,0.00,0.00,0.00,0.00,0.00,0.00,0.00,0.00,0.00,0.00,0.00,0.00,0.00,0.00,0.00,0.00,0.00,0.00,0.00,0.00,0.00,0.00,0.00,0.00,0.00,0.00,0.00,0.00,0.00,0.00,0.00,0.00,0.00,0.00,0.00,0.00,0.00,0.00,0.00,0.00,0.00,0.00,0.00,0.00,0.00,0.00,0.00,0.00,0.00,0.00,0.00,0.00,0.00,0.00,0.00,0.00,01/13/2011 00:00:00
7456282020,0.00,120.11,120.11,120.11,120.11,120.11,120.11,120.11,120.11,120.11,120.11,120.11,120.11,120.11,120.11,120.11,120.11,120.11,120.11,120.11,120.11,120.11,120.11,120.11,120.11,120.11,120.11,120.11,120.11,120.11,120.11,120.11,120.11,120.11,120.11,120.11,120.11,0.00,0.00,0.00,0.00,0.00,0.00,0.00,0.00,0.00,0.00,0.00,0.00,0.00,0.00,0.00,0.00,0.00,0.00,0.00,0.00,0.00,0.00,0.00,0.00,0.00,0.00,0.00,0.00,0.00,0.00,0.00,0.00,0.00,0.00,0.00,0.00,0.00,0.00,0.00,0.00,0.00,0.00,0.00,0.00,0.00,0.00,0.00,01/13/2011 00:00:00
8483890001,409.25,409.25,409.25,409.25,409.25,409.25,409.25,409.25,409.25,409.25,409.25,8559.53,0.00,0.00,0.00,0.00,0.00,0.00,0.00,0.00,0.00,0.00,0.00,0.00,0.00,0.00,0.00,0.00,0.00,0.00,0.00,0.00,0.00,0.00,0.00,0.00,0.00,0.00,0.00,0.00,0.00,0.00,0.00,0.00,0.00,0.00,0.00,0.00,0.00,0.00,0.00,0.00,0.00,0.00,0.00,0.00,0.00,0.00,0.00,0.00,0.00,0.00,0.00,0.00,0.00,0.00,0.00,0.00,0.00,0.00,0.00,0.00,0.00,0.00,0.00,0.00,0.00,0.00,0.00,0.00,0.00,0.00,0.00,0.00,01/13/2011 00:00:00
7710720003,0.00,456.00,456.00,456.00,456.00,456.00,456.00,456.00,456.00,456.00,456.00,456.00,456.00,456.00,456.00,456.00,456.00,456.00,456.00,456.00,456.00,456.00,456.00,456.00,456.00,456.00,456.00,456.00,456.00,456.00,456.00,456.00,456.00,456.00,456.00,456.00,456.00,0.00,0.00,0.00,0.00,0.00,0.00,0.00,0.00,0.00,0.00,0.00,0.00,0.00,0.00,0.00,0.00,0.00,0.00,0.00,0.00,0.00,0.00,0.00,0.00,0.00,0.00,0.00,0.00,0.00,0.00,0.00,0.00,0.00,0.00,0.00,0.00,0.00,0.00,0.00,0.00,0.00,0.00,0.00,0.00,0.00,0.00,0.00,01/13/2011 00:00:00
8485973001,0.00,751.19,751.19,751.19,751.19,751.19,751.19,751.19,751.19,751.19,751.19,751.19,751.19,751.19,751.19,751.19,751.19,751.19,751.19,751.19,751.19,751.19,751.19,751.19,751.19,751.19,751.19,751.19,751.19,751.19,751.19,751.19,751.19,751.19,751.19,751.19,751.19,751.19,751.19,751.19,751.19,751.19,751.19,0.00,0.00,0.00,0.00,0.00,0.00,0.00,0.00,0.00,0.00,0.00,0.00,0.00,0.00,0.00,0.00,0.00,0.00,0.00,0.00,0.00,0.00,0.00,0.00,0.00,0.00,0.00,0.00,0.00,0.00,0.00,0.00,0.00,0.00,0.00,0.00,0.00,0.00,0.00,0.00,0.00,01/13/2011 00:00:00
8484572001,0.00,550.84,550.84,550.84,550.84,550.84,550.84,550.84,550.84,550.84,550.84,550.84,550.84,550.84,550.84,550.84,550.84,550.84,550.84,550.84,550.84,550.84,550.84,550.84,550.84,550.84,550.84,550.84,550.84,550.84,550.84,550.84,550.84,550.84,550.84,550.84,550.84,550.84,550.84,550.84,550.84,550.84,550.84,0.00,0.00,0.00,0.00,0.00,0.00,0.00,0.00,0.00,0.00,0.00,0.00,0.00,0.00,0.00,0.00,0.00,0.00,0.00,0.00,0.00,0.00,0.00,0.00,0.00,0.00,0.00,0.00,0.00,0.00,0.00,0.00,0.00,0.00,0.00,0.00,0.00,0.00,0.00,0.00,0.00,01/12/2011 00:00:00
8485916001,0.00,1233.23,1233.23,1233.23,1233.23,1233.23,1233.23,1233.23,1233.23,1233.23,1233.23,1233.23,1233.23,1233.23,1233.23,1233.23,1233.23,1233.23,1233.23,1233.23,1233.23,1233.23,1233.23,1233.23,1233.23,1233.23,1233.23,1233.23,1233.23,1233.23,1233.23,1233.23,1233.23,1233.23,1233.23,1233.23,1233.23,1233.23,1233.23,1233.23,1233.23,1233.23,1233.23,1233.23,1233.23,1233.23,1233.23,1233.23,1233.23,1233.23,1233.23,1233.23,1233.23,1233.23,1233.23,1233.23,1233.23,1233.23,1233.23,1233.23,1233.23,0.00,0.00,0.00,0.00,0.00,0.00,0.00,0.00,0.00,0.00,0.00,0.00,0.00,0.00,0.00,0.00,0.00,0.00,0.00,0.00,0.00,0.00,0.00,01/12/2011 00:00:00
7713617001,0.00,356.05,356.05,356.05,356.05,356.05,356.05,356.05,356.05,356.05,356.05,356.05,356.05,356.05,356.05,356.05,356.05,356.05,356.05,356.05,356.05,356.05,356.05,356.05,356.05,356.05,356.05,356.05,356.05,356.05,356.05,356.05,356.05,356.05,356.05,356.05,356.05,356.05,356.05,356.05,356.05,356.05,356.05,356.05,356.05,356.05,356.05,356.05,356.05,356.05,356.05,356.05,356.05,356.05,356.05,356.05,356.05,356.05,356.05,356.05,356.05,0.00,0.00,0.00,0.00,0.00,0.00,0.00,0.00,0.00,0.00,0.00,0.00,0.00,0.00,0.00,0.00,0.00,0.00,0.00,0.00,0.00,0.00,0.00,01/12/2011 00:00:00
7712772001,0.00,370.22,370.22,370.22,370.22,370.22,370.22,370.22,370.22,370.22,370.22,370.22,370.22,370.22,370.22,370.22,370.22,370.22,370.22,370.22,370.22,370.22,370.22,370.22,370.22,370.22,370.22,370.22,370.22,370.22,370.22,370.22,370.22,370.22,370.22,370.22,370.22,0.00,0.00,0.00,0.00,0.00,0.00,0.00,0.00,0.00,0.00,0.00,0.00,0.00,0.00,0.00,0.00,0.00,0.00,0.00,0.00,0.00,0.00,0.00,0.00,0.00,0.00,0.00,0.00,0.00,0.00,0.00,0.00,0.00,0.00,0.00,0.00,0.00,0.00,0.00,0.00,0.00,0.00,0.00,0.00,0.00,0.00,0.00,01/13/2011 00:00:00
7713065001,236.59,236.59,236.59,236.59,236.59,236.59,236.59,236.59,236.59,236.59,236.59,236.59,236.59,236.59,236.59,236.59,236.59,236.59,236.59,236.59,236.59,236.59,236.59,236.59,236.59,236.59,236.59,236.59,236.59,236.59,236.59,236.59,236.59,236.59,236.59,236.59,236.59,236.59,236.59,236.59,236.59,236.59,236.59,236.59,236.59,236.59,236.59,236.59,236.59,236.59,236.59,236.59,236.59,236.59,236.59,236.59,236.59,236.59,236.59,236.59,0.00,0.00,0.00,0.00,0.00,0.00,0.00,0.00,0.00,0.00,0.00,0.00,0.00,0.00,0.00,0.00,0.00,0.00,0.00,0.00,0.00,0.00,0.00,0.00,01/13/2011 00:00:00
8464539028,0.00,1268.13,1268.13,1268.13,1268.13,1268.13,1268.13,1268.13,1268.13,1268.13,1268.13,1268.13,1268.13,1268.13,1268.13,1268.13,1268.13,1268.13,1268.13,1268.13,1268.13,1268.13,1268.13,1268.13,1268.13,1268.13,1268.13,1268.13,1268.13,1268.13,1268.13,1268.13,1268.13,1268.13,1268.13,1268.13,1268.13,1268.13,1268.13,1268.13,1268.13,1268.13,1268.13,1268.13,1268.13,1268.13,1268.13,1268.13,1268.13,1268.13,1268.13,1268.13,1268.13,1268.13,1268.13,1268.13,1268.13,1268.13,1268.13,1268.13,24266.12,0.00,0.00,0.00,0.00,0.00,0.00,0.00,0.00,0.00,0.00,0.00,0.00,0.00,0.00,0.00,0.00,0.00,0.00,0.00,0.00,0.00,0.00,0.00,01/13/2011 00:00:00
8488743001,0.00,114.98,114.98,114.98,114.98,114.98,114.98,114.98,114.98,114.98,114.98,114.98,114.98,114.98,114.98,114.98,114.98,114.98,114.98,114.98,114.98,114.98,114.98,114.98,114.98,0.00,0.00,0.00,0.00,0.00,0.00,0.00,0.00,0.00,0.00,0.00,0.00,0.00,0.00,0.00,0.00,0.00,0.00,0.00,0.00,0.00,0.00,0.00,0.00,0.00,0.00,0.00,0.00,0.00,0.00,0.00,0.00,0.00,0.00,0.00,0.00,0.00,0.00,0.00,0.00,0.00,0.00,0.00,0.00,0.00,0.00,0.00,0.00,0.00,0.00,0.00,0.00,0.00,0.00,0.00,0.00,0.00,0.00,0.00,01/12/2011 00:00:00
8487777001,0.00,1656.17,1656.17,1656.17,1656.17,1656.17,1656.17,1656.17,1656.17,1656.17,1656.17,1656.17,1656.17,1656.17,1656.17,1656.17,1656.17,1656.17,1656.17,1656.17,1656.17,1656.17,1656.17,1656.17,1656.17,1656.17,1656.17,1656.17,1656.17,1656.17,1656.17,1656.17,1656.17,1656.17,1656.17,1656.17,1656.17,1656.17,1656.17,1656.17,1656.17,1656.17,1656.17,0.00,0.00,0.00,0.00,0.00,0.00,0.00,0.00,0.00,0.00,0.00,0.00,0.00,0.00,0.00,0.00,0.00,0.00,0.00,0.00,0.00,0.00,0.00,0.00,0.00,0.00,0.00,0.00,0.00,0.00,0.00,0.00,0.00,0.00,0.00,0.00,0.00,0.00,0.00,0.00,0.00,01/14/2011 00:00:00
4447458087,0.00,2095.92,2095.92,2095.92,2095.92,2095.92,2095.92,2095.92,2095.92,2095.92,2095.92,2095.92,2095.92,2095.92,2095.92,2095.92,2095.92,2095.92,2095.92,2095.92,2095.92,2095.92,2095.92,2095.92,2095.92,2095.92,2095.92,2095.92,2095.92,2095.92,2095.92,2095.92,2095.92,2095.92,2095.92,2095.92,2095.92,0.00,0.00,0.00,0.00,0.00,0.00,0.00,0.00,0.00,0.00,0.00,0.00,0.00,0.00,0.00,0.00,0.00,0.00,0.00,0.00,0.00,0.00,0.00,0.00,0.00,0.00,0.00,0.00,0.00,0.00,0.00,0.00,0.00,0.00,0.00,0.00,0.00,0.00,0.00,0.00,0.00,0.00,0.00,0.00,0.00,0.00,0.00,01/12/2011 00:00:00
7206705004,0.00,277.18,277.18,277.18,277.18,277.18,277.18,277.18,277.18,277.18,277.18,277.18,277.18,277.18,277.18,277.18,277.18,277.18,277.18,277.18,277.18,277.18,277.18,277.18,277.18,277.18,277.18,277.18,277.18,277.18,277.18,277.18,277.18,277.18,277.18,277.18,277.18,277.18,277.18,277.18,277.18,277.18,277.18,277.18,277.18,277.18,277.18,277.18,277.18,0.00,0.00,0.00,0.00,0.00,0.00,0.00,0.00,0.00,0.00,0.00,0.00,0.00,0.00,0.00,0.00,0.00,0.00,0.00,0.00,0.00,0.00,0.00,0.00,0.00,0.00,0.00,0.00,0.00,0.00,0.00,0.00,0.00,0.00,0.00,01/13/2011 00:00:00
8487981001,0.00,893.55,893.55,893.55,893.55,893.55,893.55,893.55,893.55,893.55,893.55,893.55,893.55,893.55,893.55,893.55,893.55,893.55,893.55,893.55,893.55,893.55,893.55,893.55,893.55,893.55,893.55,893.55,893.55,893.55,893.55,893.55,893.55,893.55,893.55,893.55,893.55,893.55,893.55,893.55,893.55,893.55,893.55,0.00,0.00,0.00,0.00,0.00,0.00,0.00,0.00,0.00,0.00,0.00,0.00,0.00,0.00,0.00,0.00,0.00,0.00,0.00,0.00,0.00,0.00,0.00,0.00,0.00,0.00,0.00,0.00,0.00,0.00,0.00,0.00,0.00,0.00,0.00,0.00,0.00,0.00,0.00,0.00,0.00,01/12/2011 00:00:00
7553213003,0.00,520.00,520.00,520.00,520.00,520.00,520.00,520.00,520.00,520.00,520.00,520.00,520.00,520.00,520.00,520.00,520.00,520.00,520.00,520.00,520.00,520.00,520.00,520.00,520.00,520.00,520.00,520.00,520.00,520.00,520.00,520.00,520.00,520.00,520.00,520.00,520.00,520.00,520.00,520.00,520.00,520.00,520.00,520.00,520.00,520.00,520.00,520.00,520.00,520.00,520.00,520.00,520.00,520.00,520.00,520.00,520.00,520.00,520.00,520.00,520.00,0.00,0.00,0.00,0.00,0.00,0.00,0.00,0.00,0.00,0.00,0.00,0.00,0.00,0.00,0.00,0.00,0.00,0.00,0.00,0.00,0.00,0.00,0.00,01/12/2011 00:00:00
7582715007,0.00,3497.44,3497.44,3497.44,3497.44,3497.44,3497.44,3497.44,3497.44,3497.44,3497.44,3497.44,3497.44,3497.44,3497.44,3497.44,3497.44,3497.44,3497.44,3497.44,3497.44,3497.44,3497.44,3497.44,3497.44,3497.44,3497.44,3497.44,3497.44,3497.44,3497.44,3497.44,3497.44,3497.44,3497.44,3497.44,3497.44,3497.44,3497.44,3497.44,3497.44,3497.44,3497.44,3497.44,3497.44,3497.44,3497.44,3497.44,3497.44,0.00,0.00,0.00,0.00,0.00,0.00,0.00,0.00,0.00,0.00,0.00,0.00,0.00,0.00,0.00,0.00,0.00,0.00,0.00,0.00,0.00,0.00,0.00,0.00,0.00,0.00,0.00,0.00,0.00,0.00,0.00,0.00,0.00,0.00,0.00,01/13/2011 00:00:00